&title=Buckeye Battlecry
&artist=OSUMB
&first=0
&shortid=001
&des=Neskol

&lv_6=Snare
&des_6=Neskol

&inote_6=(180){1},
{8}1,2,{16}1,2,4,5,{8}1,5,5,{32}1,2,4,5,
{8}2,4,{16}5,4,2,1,{8}5,1,1,{32}1,2,4,5,
{8}1,2,{16}1,2,4,5,{8}2,4,{16}5,4,2,1,
{16}1,2,4,,,,4,,{4}1,{8},{32}1,2,4,5,
{8}1,2,{16}1,2,4,5,{8}1,5,5,{32}1,2,4,5,
{8}2,4,{16}5,4,2,1,{8}5,1,1,{32}1,2,4,5,
{8}1,2,{16}1,2,4,5,{8}2,4,{16}5,4,2,1,
{16}1,2,4,,,,4,,{4}1,,
{16}5,2,5,2,5,,1,4,1,4,1,,1,1,5,5,
{4}6,6,6,,
{16}5,,4,5,{8}4,5,4,,{24}1,2,4,2,4,5,
{16}4,,2,4,{8}2,4,2,,{24}5,4,2,4,2,1,
{16}1/2,,2,4,{8}1/2,2/4,{16}4/5,,2,1,{8}4/5,2/4,
{16}6,,{32}1,2,4,5,{8}1/2,2/4,{4}4/5,5,
{8}4,,,2,4,,1,,
2,,,1,2,,5,,
1,,,2,4,,1,,
{4}5,,,5,
{8}4,,,2,4,,1,,
2,,,1,2,,5,,
{4}5,4,2,1,
{4}2,,,5,
{8}4,,,2,4,,5,,
{4}1,5,,1,
4,5,1,2,
4,,2,,
{4}2,2,5,2,
5,,2,{8}2,1,
{4}2,2,2,2,
{16}4,,4,2,{8}4,2,4,1,5,1,
{16}5,,2,4,2,,4,,1,,4,2,4,,2,,5,,2,4,2,,4,,{8}2,5,2,4,
{16}1,,4,2,4,,2,,5,,2,4,2,,4,,1,,4,2,4,,2,4,2,,4,2,{8}5,1,
{16}5,,2,4,2,,4,,1,,4,2,4,,2,,5,,2,4,2,,4,,{8}2,5,2,4,
{16}1,,4,2,4,,2,,5,,2,4,2,,4,,{4}2,5,1,5,
{16}1,,4,2,4,,2,,5,,2,4,2,,4,,1,,4,2,4,,2,,{8}4,1,4,2,
{16}5,,2,4,2,,4,,1,,4,2,4,,2,,5,,2,4,1,5,2,4,1,,,,{24}1,2,4,2,4,5,
{16}5,,4,5,{8}4,5,4,,{24}1,2,4,2,4,5,
{16}4,,2,4,{8}2,4,2,,{24}5,4,2,4,2,1,
{16}1/2,,2,4,{8}1/2,2/4,{16}4/5,,2,1,{8}4/5,2/4,
{16}4,,4,2,{8}2/4,2,4,1/2,4/5,1/2,
{16}5,,2,4,2,,4,,1,,4,2,4,,2,,5,,2,4,2,,4,,{8}2,5,2,4,
{16}1,,4,2,4,,2,,5,,2,4,2,,4,,1,,4,2,4,,2,4,2,,4,2,{8}5,1,
{16}5,,2,4,2,,4,,1,,4,2,4,,2,,5,,2,4,2,,4,,{8}2,5,2,4,
{16}1,,4,2,4,,2,,5,,2,4,2,,4,,{4}2,5,1,5,
{16}1,,4,2,4,,2,,5,,2,4,2,,4,,1,,4,2,4,,2,,{8}4,1,4,2,
{16}5,,2,4,2,,4,,1,,4,2,4,,2,,5,,2,4,1,5,2,4,1,,,,{24}1,2,4,2,4,5,
{16}5,,4,5,{8}4,5,4,,{24}1,2,4,2,4,5,
{16}4,,2,4,{8}2,4,2,,{24}5,4,2,4,2,1,
{16}1/2,,2,4,{8}1/2,2/4,{16}4/5,,2,1,{8}4/5,2/4,
{16}1/2,,2,4,{8}1/2,2/4,{4}6,,
E

&inote_4=
(190){1},
{8}5,5,5,5,5,5,5,4,
{8}4,4,4,4,5,4,2,1,
{8}2,2,2,2,2,2,2,2,
{8}2,2,2,2,1,2,4,5,
{8}4,4,{16}4,5,4,2,4,,4,,4,5,4,2,
{8}5,5,{16}5,4,2,1,5,,5,,5,4,2,1,
{8}5,5,5,5,5,5,5,4,
{8}4,4,4,4,5,4,2,1,
{8}2,2,2,2,2,2,2,2,
{8}2,2,2,2,1,2,4,5,
{8}4,4,{16}4,5,4,2,4,,4,,4,5,4,2,
{8}5,5,{16}5,4,2,1,5,,5,,5,4,2,1,
{8}1,6,1,6,1,6,1,6,
1,6,1,6,1,6,{16}1,2,4,5,
{16}1h[1:1]/2h[1:1]/5,4,5,4,5,4,5,4,5,4,5,4,5,4,5,4,
{4},,,6,
{16}1,2,4,5,1,2,4,5,1,2,4,5,4,2,4,2,
{16}1,2,4,5,1,2,4,5,1,2,4,5,6,,,,
{16}5,4,2,1,5,4,2,1,5,4,2,1,5,4,2,1,
{16}5,4,2,1,5,4,2,1,5,4,2,1,6,,,,
{16}1,2,4,5,1,2,4,5,1,2,4,5,4,2,4,2,
{16}1,2,4,5,1,2,4,5,1,2,4,5,6,,,,
{16}5,4,2,1,5,4,2,1,5,4,2,1,5,4,2,1,
{16}5,4,2,1,5,4,2,1,6,,6,,6,,,,
{8}1h[8:1],4,5h[8:1],2,1h[8:1],4,5h[8:1],2,
{8}1h[8:1],4,5h[8:1],2,1/2/4/5,1/2/4/5,6,,
{8}1h[8:1],4,5h[8:1],2,1h[8:1],4,5h[8:1],2,
{8}1h[8:1],4,5h[8:1],2,1/2/4/5,1/2/4/5,6,,
{16}4,2,4,2,5,1,5,1,4,2,5,1,4,2,5,1,
{16}1,2,4,5,1,2,4,5,4,2,5,1,4,2,5,1,
{16}5h[32:1],4h[32:1],2h[32:1],1h[32:1],5,4,2,1,5h[32:1],4h[32:1],2h[32:1],1h[32:1],5,4,2,1,
{16}1/2,,{32}1,2,4,5,{8}1/2,4/5,1/2/4/5,1/2/4/5,6,,
E