&title=GOODTEK
&artist=EBIYAO
&first=0
&shortid=005
&des=Neskol

&lv_5=Advanced
&des_5=Neskol

&lv_6=Master
&des_6=Neskol

&inote_6=
(190){1},
{8}5,5,5,5,5,5,5,4,
{8}4,4,4,4,5,4,2,1,
{8}2,2,2,2,2,2,2,2,
{8}2,2,2,2,1,2,4,5,
{8}4,4,{16}4,5,4,2,4,,4,,4,5,4,2,
{8}5,5,{16}5,4,2,1,5,,5,,5,4,2,1,
{8}5,5,5,5,5,5,5,4,
{8}4,4,4,4,5,4,2,1,
{8}2,2,2,2,2,2,2,2,
{8}2,2,2,2,1,2,4,5,
{8}4,4,{16}4,5,4,2,4,,4,,4,5,4,2,
{8}5,5,{16}5,4,2,1,5,,5,,5,4,2,1,
{8}1,6,1,6,1,6,1,6,
1,6,1,6,1,6,{16}1,2,4,5,
{16}1h[1:1]/2h[1:1]/5,4,5,4,5,4,5,4,5,4,5,4,5,4,5,4,
{4},,,6,
{16}1,2,4,5,1,2,4,5,1,2,4,5,4,2,4,2,
{16}1,2,4,5,1,2,4,5,1,2,4,5,6,,,,
{16}5,4,2,1,5,4,2,1,5,4,2,1,5,4,2,1,
{16}5,4,2,1,5,4,2,1,5,4,2,1,6,,,,
{16}1,2,4,5,1,2,4,5,1,2,4,5,4,2,4,2,
{16}1,2,4,5,1,2,4,5,1,2,4,5,6,,,,
{16}5,4,2,1,5,4,2,1,5,4,2,1,5,4,2,1,
{16}5,4,2,1,5,4,2,1,6,,6,,6,,,,
{8}1h[8:1],4,5h[8:1],2,1h[8:1],4,5h[8:1],2,
{8}1h[8:1],4,5h[8:1],2,1/2/4/5,1/2/4/5,6,,
{8}1h[8:1],4,5h[8:1],2,1h[8:1],4,5h[8:1],2,
{8}1h[8:1],4,5h[8:1],2,1/2/4/5,1/2/4/5,6,,
{16}4,2,4,2,5,1,5,1,4,2,5,1,4,2,5,1,
{16}1,2,4,5,1,2,4,5,4,2,5,1,4,2,5,1,
{16}5h[32:1],4h[32:1],2h[32:1],1h[32:1],5,4,2,1,5h[32:1],4h[32:1],2h[32:1],1h[32:1],5,4,2,1,
{16}1/2,,{32}1,2,4,5,{8}1/2,4/5,1/2/4/5,1/2/4/5,6,,
E
